
=== x2 (control)  [RUN] ===
  L gap>0.25t  ws=[267, 526, 1044, 2074, 4128, 8230, 16428, 32818]
        w=[1.97, 1.9848, 1.9866, 1.9904, 1.9937, 1.9961, 1.9977]
        t=[3.814, 3.608, 3.895, 3.892, 3.972, 3.971, 3.992]
  L gap>1.0t  ws=[267, 526, 1044, 2074, 4128, 8230, 16428, 32818]
        w=[1.97, 1.9848, 1.9866, 1.9904, 1.9937, 1.9961, 1.9977]
        t=[3.814, 3.608, 3.895, 3.892, 3.972, 3.971, 3.992]
  L gap>2.0t  ws=[267, 526, 1044, 2074, 4128, 8230, 16428, 32818]
        w=[1.97, 1.9848, 1.9866, 1.9904, 1.9937, 1.9961, 1.9977]
        t=[3.814, 3.608, 3.895, 3.892, 3.972, 3.971, 3.992]
  R gap>0.25t  ws=[3104, 5158, 6182, 10284, 12332, 20530, 24626, 41016]
        w=[1.6617, 1.1985, 1.6635, 1.1991, 1.6648, 1.1995, 1.6656]
        t=[1.934, 2.054, 1.917, 2.07, 1.926, 2.073, 1.922]
  R gap>1.0t  ws=[1, 5, 9, 16]
        w=[5.0, 1.8, 1.7778]
        t=[13.0, 3.0, 2.897]

=== cand-E  [RUN] ===
  L gap>0.25t  ws=[125, 290, 617, 1268, 2567, 5162, 10349, 20720]
        w=[2.32, 2.1276, 2.0551, 2.0244, 2.0109, 2.0048, 2.0021]
        t=[4.913, 4.55, 4.156, 4.076, 4.03, 4.015, 4.007]
  L gap>1.0t  ws=[125, 290, 617, 1268, 2567, 5162, 10349, 20720]
        w=[2.32, 2.1276, 2.0551, 2.0244, 2.0109, 2.0048, 2.0021]
        t=[4.913, 4.55, 4.156, 4.076, 4.03, 4.015, 4.007]
  L gap>2.0t  ws=[125, 290, 617, 1268, 2567, 5162, 10349, 20720]
        w=[2.32, 2.1276, 2.0551, 2.0244, 2.0109, 2.0048, 2.0021]
        t=[4.913, 4.55, 4.156, 4.076, 4.03, 4.015, 4.007]
  R gap>0.25t  ws=[5, 9, 12, 17, 19, 22, 25, 44]
        w=[1.8, 1.3333, 1.4167, 1.1176, 1.1579, 1.1364, 1.76]
        t=[2.692, 1.771, 1.758, 1.404, 1.333, 1.279, 2.713]

=== cand-F  [RUN] ===
  L gap>0.25t  ws=[435, 829, 1609, 3151, 6227, 12357, 24605, 49071]
        w=[1.9057, 1.9409, 1.9584, 1.9762, 1.9844, 1.9912, 1.9944]
        t=[3.65, 3.805, 3.879, 3.943, 3.965, 3.983, 3.989]
  L gap>1.0t  ws=[435, 829, 1609, 3151, 6227, 12357, 24605, 49071]
        w=[1.9057, 1.9409, 1.9584, 1.9762, 1.9844, 1.9912, 1.9944]
        t=[3.65, 3.805, 3.879, 3.943, 3.965, 3.983, 3.989]
  L gap>2.0t  ws=[435, 829, 1609, 3151, 6227, 12357, 24605, 49071]
        w=[1.9057, 1.9409, 1.9584, 1.9762, 1.9844, 1.9912, 1.9944]
        t=[3.65, 3.805, 3.879, 3.943, 3.965, 3.983, 3.989]
  R gap>0.25t  ws=[6, 9, 11, 16, 25, 30, 48, 78]
        w=[1.5, 1.2222, 1.4545, 1.5625, 1.2, 1.6, 1.625]
        t=[1.867, 1.571, 2.0, 1.875, 1.63, 2.238, 2.184]
