
=== x2 (control)  [RUN] ===
  L gap>0.25t  ws=[267, 526, 1044, 2074, 4128, 8230, 16428, 32818]
        w=[1.97, 1.9848, 1.9866, 1.9904, 1.9937, 1.9961, 1.9977]
        t=[3.814, 3.608, 3.895, 3.892, 3.972, 3.971, 3.992]
  L gap>1.0t  ws=[267, 526, 1044, 2074, 4128, 8230, 16428, 32818]
        w=[1.97, 1.9848, 1.9866, 1.9904, 1.9937, 1.9961, 1.9977]
        t=[3.814, 3.608, 3.895, 3.892, 3.972, 3.971, 3.992]
  L gap>2.0t  ws=[267, 526, 1044, 2074, 4128, 8230, 16428, 32818]
        w=[1.97, 1.9848, 1.9866, 1.9904, 1.9937, 1.9961, 1.9977]
        t=[3.814, 3.608, 3.895, 3.892, 3.972, 3.971, 3.992]
  R gap>0.25t  ws=[3104, 5158, 6182, 10284, 12332, 20530, 24626, 41016]
        w=[1.6617, 1.1985, 1.6635, 1.1991, 1.6648, 1.1995, 1.6656]
        t=[1.934, 2.054, 1.917, 2.07, 1.926, 2.073, 1.922]
  R gap>1.0t  ws=[1, 5, 9, 16]
        w=[5.0, 1.8, 1.7778]
        t=[13.0, 3.0, 2.897]

=== cand-D  [RUN] ===
  L gap>0.25t  ws=[2, 3, 7, 11, 14, 17, 24, 52]
        w=[1.5, 2.3333, 1.5714, 1.2727, 1.2143, 1.4118, 2.1667]
        t=[1.333, 5.5, 2.273, 1.66, 1.47, 1.746, 4.7]
  R gap>0.25t  ws=[185, 422, 893, 1832, 3707, 7454, 14945, 29924]
        w=[2.2811, 2.1161, 2.0515, 2.0235, 2.0108, 2.005, 2.0023]
        t=[4.735, 4.352, 4.109, 4.051, 4.021, 4.01, 4.005]
  R gap>1.0t  ws=[185, 422, 893, 1832, 3707, 7454, 14945, 29924]
        w=[2.2811, 2.1161, 2.0515, 2.0235, 2.0108, 2.005, 2.0023]
        t=[4.735, 4.352, 4.109, 4.051, 4.021, 4.01, 4.005]
  R gap>2.0t  ws=[185, 422, 893, 1832, 3707, 7454, 14945, 29924]
        w=[2.2811, 2.1161, 2.0515, 2.0235, 2.0108, 2.005, 2.0023]
        t=[4.735, 4.352, 4.109, 4.051, 4.021, 4.01, 4.005]
