
=== x2 (control)  [RUN] ===
  L gap>0.25t  ws=[267, 526, 1044, 2074, 4128, 8230, 16428, 32818]
        w=[1.97, 1.9848, 1.9866, 1.9904, 1.9937, 1.9961, 1.9977]
        t=[3.814, 3.608, 3.895, 3.892, 3.972, 3.971, 3.992]
  L gap>1.0t  ws=[267, 526, 1044, 2074, 4128, 8230, 16428, 32818]
        w=[1.97, 1.9848, 1.9866, 1.9904, 1.9937, 1.9961, 1.9977]
        t=[3.814, 3.608, 3.895, 3.892, 3.972, 3.971, 3.992]
  L gap>2.0t  ws=[267, 526, 1044, 2074, 4128, 8230, 16428, 32818]
        w=[1.97, 1.9848, 1.9866, 1.9904, 1.9937, 1.9961, 1.9977]
        t=[3.814, 3.608, 3.895, 3.892, 3.972, 3.971, 3.992]
  R gap>0.25t  ws=[3104, 5158, 6182, 10284, 12332, 20530, 24626, 41016]
        w=[1.6617, 1.1985, 1.6635, 1.1991, 1.6648, 1.1995, 1.6656]
        t=[1.934, 2.054, 1.917, 2.07, 1.926, 2.073, 1.922]
  R gap>1.0t  ws=[1, 5, 9, 16]
        w=[5.0, 1.8, 1.7778]
        t=[13.0, 3.0, 2.897]

=== cand-A  [RUN] ===
  L gap>0.25t  ws=[269, 531, 1033, 2127, 5089, 8139, 14262, 17247]
        w=[1.974, 1.9454, 2.0591, 2.3926, 1.5993, 1.7523, 1.2093]
        t=[4.126, 4.0, 4.038, 3.19, 3.065, 3.846, 2.054]
  L gap>1.0t  ws=[2, 7, 10, 17, 36]
        w=[3.5, 1.4286, 1.7, 2.1176]
        t=[7.0, 3.762, 2.266, 4.721]
  R gap>0.25t  ws=[529, 1013, 1031, 2105, 2125, 14259, 17218, 17245]
        w=[1.9149, 1.0178, 2.0417, 1.0095, 6.7101, 1.2075, 1.0016]
        t=[2.33, 1.722, 2.347, 1.718, 22.529, 2.235, 1.533]
  R gap>1.0t  ws=[29, 58, 117, 253, 513, 1013, 2105, 14259]
        w=[2.0, 2.0172, 2.1624, 2.0277, 1.9747, 2.078, 6.7739]
        t=[5.274, 5.097, 4.085, 4.196, 3.994, 4.041, 38.703]
  R gap>2.0t  ws=[1, 4, 9, 14259]
        w=[4.0, 2.25, 1584.3333]
        t=[8.0, 8.625, 1630710.101]
