
=== x2 (control)  [RUN] ===
  L gap>0.25t  ws=[267, 526, 1044, 2074, 4128, 8230, 16428, 32818]
        w=[1.97, 1.9848, 1.9866, 1.9904, 1.9937, 1.9961, 1.9977]
        t=[3.814, 3.608, 3.895, 3.892, 3.972, 3.971, 3.992]
  L gap>1.0t  ws=[267, 526, 1044, 2074, 4128, 8230, 16428, 32818]
        w=[1.97, 1.9848, 1.9866, 1.9904, 1.9937, 1.9961, 1.9977]
        t=[3.814, 3.608, 3.895, 3.892, 3.972, 3.971, 3.992]
  L gap>2.0t  ws=[267, 526, 1044, 2074, 4128, 8230, 16428, 32818]
        w=[1.97, 1.9848, 1.9866, 1.9904, 1.9937, 1.9961, 1.9977]
        t=[3.814, 3.608, 3.895, 3.892, 3.972, 3.971, 3.992]
  R gap>0.25t  ws=[3104, 5158, 6182, 10284, 12332, 20530, 24626, 41016]
        w=[1.6617, 1.1985, 1.6635, 1.1991, 1.6648, 1.1995, 1.6656]
        t=[1.934, 2.054, 1.917, 2.07, 1.926, 2.073, 1.922]
  R gap>1.0t  ws=[1, 5, 9, 16]
        w=[5.0, 1.8, 1.7778]
        t=[13.0, 3.0, 2.897]

=== cand-G  [RUN] ===
  L gap>0.25t  ws=[244, 352, 640, 1264, 2464, 4912, 9760, 19504]
        w=[1.4426, 1.8182, 1.975, 1.9494, 1.9935, 1.987, 1.9984]
        t=[1.801, 3.379, 3.633, 3.733, 3.83, 3.88, 3.918]
  L gap>1.0t  ws=[5, 18, 38, 72, 124]
        w=[3.6, 2.1111, 1.8947, 1.7222]
        t=[10.182, 5.036, 4.333, 2.49]
  R gap>0.25t  ws=[2656, 3376, 5296, 6688, 10528, 13360, 21040, 26656]
        w=[1.2711, 1.5687, 1.2628, 1.5742, 1.269, 1.5749, 1.2669]
        t=[1.668, 2.316, 1.677, 2.329, 1.685, 2.336, 1.69]
  R gap>1.0t  ws=[1, 6, 12, 20]
        w=[6.0, 2.0, 1.6667]
        t=[21.0, 3.19, 2.373]

=== cand-H  [RUN] ===
  L gap>0.25t  ws=[154, 346, 717, 1448, 2899, 5790, 11561, 23092]
        w=[2.2468, 2.0723, 2.0195, 2.0021, 1.9972, 1.9967, 1.9974]
        t=[5.121, 4.273, 4.147, 4.035, 4.02, 4.009, 4.005]
  L gap>1.0t  ws=[131, 346, 717, 1448, 2899, 5790, 11561, 23092]
        w=[2.6412, 2.0723, 2.0195, 2.0021, 1.9972, 1.9967, 1.9974]
        t=[7.596, 4.273, 4.147, 4.035, 4.02, 4.009, 4.005]
  L gap>2.0t  ws=[131, 346, 717, 1448, 2899, 5790, 11561, 23092]
        w=[2.6412, 2.0723, 2.0195, 2.0021, 1.9972, 1.9967, 1.9974]
        t=[7.596, 4.273, 4.147, 4.035, 4.02, 4.009, 4.005]
  R gap>0.25t  ws=[17, 23, 27, 34, 37, 60, 70, 139]
        w=[1.3529, 1.1739, 1.2593, 1.0882, 1.6216, 1.1667, 1.9857]
        t=[1.606, 1.423, 1.896, 1.371, 1.793, 1.493, 3.711]

=== cand-I  [RUN] ===
  L gap>0.25t  ws=[244, 352, 640, 1264, 2464, 4912, 9760, 19504]
        w=[1.4426, 1.8182, 1.975, 1.9494, 1.9935, 1.987, 1.9984]
        t=[1.801, 3.388, 3.644, 3.745, 3.84, 3.889, 3.925]
  L gap>1.0t  ws=[5, 18, 38, 72, 124]
        w=[3.6, 2.1111, 1.8947, 1.7222]
        t=[10.182, 4.964, 4.317, 2.478]
  R gap>0.25t  ws=[2656, 3376, 5296, 6688, 10528, 13360, 21040, 26656]
        w=[1.2711, 1.5687, 1.2628, 1.5742, 1.269, 1.5749, 1.2669]
        t=[1.671, 2.317, 1.679, 2.33, 1.687, 2.337, 1.691]
  R gap>1.0t  ws=[1, 6, 12, 20]
        w=[6.0, 2.0, 1.6667]
        t=[21.0, 3.19, 2.373]
