Space Needle              L  [14, 19, 26, 43, 62, 103, 152]           [1.3571, 1.3684, 1.6538, 1.4419, 1.6613, 1.4757]  
Space Needle              R  [10, 17, 41, 101, 251, 626, 1095]        [1.7, 2.4118, 2.4634, 2.4851, 2.494, 1.7492]  
Lucy's Moonlight          L  [4, 22, 60]                              [5.5, 2.7273]  
Lucy's Moonlight          R  [2, 3, 6, 10, 12, 17, 23]                [1.5, 2.0, 1.6667, 1.2, 1.4167, 1.3529]  
o2                        L  [3, 5, 10, 14, 20, 28]                   [1.6667, 2.0, 1.4, 1.4286, 1.4]  
o2                        R  [168, 564, 1268, 1902, 6402, 14396, 32380] [3.3571, 2.2482, 1.5, 3.3659, 2.2487, 2.2492]  
o4                        L  [3, 12, 21, 28, 46]                      [4.0, 1.75, 1.3333, 1.6429]  
o4                        R  [2903, 3850, 6761, 8988, 11945, 15893, 21153] [1.3262, 1.7561, 1.3294, 1.329, 1.3305, 1.331]  <<< 4/3  
o7                        L  [4101, 4102, 5128, 7693, 7694, 9618, 14428] [1.0002, 1.2501, 1.5002, 1.0001, 1.2501, 1.5001]  
o7                        R  [94, 107, 135, 255, 3646, 4103, 7695]    [1.1383, 1.2617, 1.8889, 14.298, 1.1253, 1.8755]  
o10                       L  [3, 4, 5, 9, 15]                         [1.3333, 1.25, 1.8, 1.6667]  
o10                       R  [1, 2, 6, 58]                            [2.0, 3.0, 9.6667]  
o11                       L  (too few records)  RUN
o11                       R  [4, 5, 7, 10, 15, 17, 25]                [1.25, 1.4, 1.4286, 1.5, 1.1333, 1.4706]  
o12                       L  [2, 3, 7, 9, 10, 13]                     [1.5, 2.3333, 1.2857, 1.1111, 1.3]  
o12                       R  [1, 5, 11, 29, 371]                      [5.0, 2.2, 2.6364, 12.7931]  
o13                       L  [3, 5, 8, 10, 13, 16, 23]                [1.6667, 1.6, 1.25, 1.3, 1.2308, 1.4375]  
o13                       R  [1, 4, 7, 11, 22, 65, 9935]              [4.0, 1.75, 1.5714, 2.0, 2.9545, 152.8462]  
o14                       L  [2, 5, 9, 13, 20, 26, 35]                [2.5, 1.8, 1.4444, 1.5385, 1.3, 1.3462]  <<< 4/3  
o14                       R  [1, 3, 7, 11, 18, 33, 137]               [3.0, 2.3333, 1.5714, 1.6364, 1.8333, 4.1515]  
o16                       L  (too few records)  RUN
o16                       R  [6, 9, 10, 12, 15, 17, 24]               [1.5, 1.1111, 1.2, 1.25, 1.1333, 1.4118]  
o17                       L  [3, 6, 15, 30, 81, 1620]                 [2.0, 2.5, 2.0, 2.7, 20.0]  
o17                       R  [2, 4, 7, 9, 16, 18, 31]                 [2.0, 1.75, 1.2857, 1.7778, 1.125, 1.7222]  
