machine                side  epoch widths                    ratios
x2 (PROVEN non-halt)      L  [267, 526, 1044, 2074, 4128, 8230] [1.97, 1.985, 1.987, 1.99, 1.994]  <<< 2.0  TRANSPARENT CANDIDATE  
x2 (PROVEN non-halt)      R  [2592, 3104, 5158, 6182, 10284, 12332] [1.198, 1.662, 1.199, 1.664, 1.199]  
Antihydra                 L  [141, 310, 689, 3451, 5175, 7760] [2.199, 2.223, 5.009, 1.5, 1.5]  <<< 3/2  Mahler  
Antihydra                 R  [5, 7, 12, 15, 16, 20]           [1.4, 1.714, 1.25, 1.067, 1.25]  
Space Needle              L  [19, 26, 43, 62, 103, 152]       [1.368, 1.654, 1.442, 1.661, 1.476]  
Space Needle              R  [17, 41, 101, 251, 626, 1095]    [2.412, 2.463, 2.485, 2.494, 1.749]  
Lucy's Moonlight          L  [4, 22, 60]                      [5.5, 2.727]  
Lucy's Moonlight          R  [3, 6, 10, 12, 17, 23]           [2.0, 1.667, 1.2, 1.417, 1.353]  
o2                        L  [3, 5, 10, 14, 20, 28]           [1.667, 2.0, 1.4, 1.429, 1.4]  
o2                        R  [110, 168, 564, 1268, 1902, 6402] [1.527, 3.357, 2.248, 1.5, 3.366]  
o3                        L  [9, 11, 18, 20, 29, 42]          [1.222, 1.636, 1.111, 1.45, 1.448]  
o3                        R  [760, 1009, 1777, 2364, 3145, 4186] [1.328, 1.761, 1.33, 1.33, 1.331]  <<< 4/3  
o4                        L  [3, 12, 21, 28, 46]              [4.0, 1.75, 1.333, 1.643]  
o4                        R  [964, 1265, 1672, 2903, 3850, 6761] [1.312, 1.322, 1.736, 1.326, 1.756]  
o5                        L  [443, 1054, 1865, 2492, 3316, 4412] [2.379, 1.769, 1.336, 1.331, 1.331]  <<< 4/3  
o5                        R  [5, 8, 12, 13, 18, 22]           [1.6, 1.5, 1.083, 1.385, 1.222]  
o7                        L  [1618, 2428, 3643, 3644, 4101, 4102] [1.501, 1.5, 1.0, 1.125, 1.0]  
o7                        R  [54, 94, 107, 135, 255, 3646]    [1.741, 1.138, 1.262, 1.889, 14.298]  
o8                        L  [784, 1371, 1372, 2316, 3474, 5211] [1.749, 1.001, 1.688, 1.5, 1.5]  <<< 3/2  Mahler  
o8                        R  [315, 335, 419, 788, 814, 1374]  [1.063, 1.251, 1.881, 1.033, 1.688]  
o10                       L  [3, 4, 5, 9, 15]                 [1.333, 1.25, 1.8, 1.667]  
o10                       R  [1, 2, 6, 58]                    [2.0, 3.0, 9.667]  
o11                       L  (too few records)
o11                       R  [5, 7, 10, 15, 17, 25]           [1.4, 1.429, 1.5, 1.133, 1.471]  
o12                       L  [2, 3, 7, 9, 10, 13]             [1.5, 2.333, 1.286, 1.111, 1.3]  
o12                       R  [1, 5, 11, 29, 371]              [5.0, 2.2, 2.636, 12.793]  
o13                       L  [5, 8, 10, 13, 16, 23]           [1.6, 1.25, 1.3, 1.231, 1.438]  
o13                       R  [1, 4, 7, 11, 22, 65]            [4.0, 1.75, 1.571, 2.0, 2.955]  
o14                       L  [5, 9, 13, 20, 26, 35]           [1.8, 1.444, 1.538, 1.3, 1.346]  <<< 4/3  
o14                       R  [3, 7, 11, 18, 33, 137]          [2.333, 1.571, 1.636, 1.833, 4.152]  
o15                       L  [16, 105, 288, 770, 2058, 5490]  [6.562, 2.743, 2.674, 2.673, 2.668]  <<< 8/3  Mahler  
o15                       R  [9, 11, 18, 24, 29, 34]          [1.222, 1.636, 1.333, 1.208, 1.172]  
o16                       L  (too few records)
o16                       R  [9, 10, 12, 15, 17, 24]          [1.111, 1.2, 1.25, 1.133, 1.412]  
o17                       L  [3, 6, 15, 30, 81, 1620]         [2.0, 2.5, 2.0, 2.7, 20.0]  
o17                       R  [4, 7, 9, 16, 18, 31]            [1.75, 1.286, 1.778, 1.125, 1.722]  
o18                       L  [5, 9, 13, 15, 20, 27]           [1.8, 1.444, 1.154, 1.333, 1.35]  <<< 4/3  
o18                       R  [73, 201, 544, 1456, 3888, 10370] [2.753, 2.706, 2.676, 2.67, 2.667]  <<< 8/3  Mahler  
